352416 6e-09
352417 6e-08
352421 5e-09
352422 7e-09
352425 1.14e-07
352488 5e-09
352493 1.48e-07
352495 6e-09
352496 1.1e-08
352497 7e-09
352498 7e-09
352499 3.7e-08
352500 5e-09
352501 7e-09
352502 6e-09
352503 2.1e-08
352504 5e-09
352505 6.4e-08
352506 5e-09
352507 3e-09
352508 1.7e-08
352509 1.09e-07
352564 2.7e-08
352565 1.1e-08
352566 9e-09
352567 6.2e-08
352568 2.59e-07
352572 3e-08
352672 5.75e-07
352673 7.59e-07
352898 5e-09
352900 2.4e-08
352903 3.9e-08
352906 3.4e-08
352907 3.3e-08
352908 3.2e-08
352909 4.1e-08
352911 6e-09
352912 1.52e-07
353011 8e-09
353013 1.2e-08
353014 9e-09
353015 2.64e-07
353017 4e-09
353018 2.22e-07
353059 6e-09
353060 4.96e-07
353083 7e-09
353086 1e-08
353087 1.81e-07
353608 1.3455e-05
353688 5e-09
353689 1.19e-07
353700 8e-09
353701 1.6e-08
353702 2e-08
353703 1.7e-08
353704 1e-08
353705 1.4e-08
353706 6.3e-08
353707 2e-08
353709 5.7e-08
353995 7.002e-06
353996 2.255e-06
353997 1.8209e-05
354043 1.8e-08
354048 8.9e-08
354050 3.19e-07
354054 5.17e-07
354056 2.34e-07
354113 5.3629e-05
354130 1.613e-06
354312 9.686e-06
354313 6.405e-06
354314 5.34e-06
354315 7.698e-06
354316 6.544e-06
354317 6.045e-06
354318 5.548e-06
354319 8.32e-07
354320 3.935e-06
354321 7.142e-06
354322 1.625e-06
354323 2.336e-06
354324 2.834e-06
354325 3.022e-06
354326 2.606e-06
354327 4.397e-06
354329 3.6586e-05
354330 5.644e-06
354331 2.8364e-05
354332 3.9713e-05
354333 1.379e-06
354500 3.2e-08
354503 3.12e-07
354504 3.99e-07
354505 2.3e-08
354506 1.09e-07
354507 1.206e-06
354588 1.016e-05
354595 5.548e-06
354596 1.5074e-05
354655 7.344e-06
354664 1.38e-07
354669 1.2437e-05
354774 1.4491e-05
354777 5.449e-06
354780 5e-09
354784 3.8e-08
354787 3.6e-08
355058 5.4e-08
355100 2.6848e-05
355101 2.663e-06
355102 1.606e-06
355103 4.707e-06
355104 3.388e-06
355105 3.459e-06
355106 3.324e-06
355107 3.509e-06
355108 4.079e-06
355109 3.547e-06
355110 3.43e-06
355111 3.312e-06
355112 3.287e-06
355113 3.372e-06
355114 7.23e-07
355115 6.19e-07
355116 7.24e-07
355117 3.968e-06
355118 3.189e-06
355119 3.166e-06
355120 3.34e-06
355121 4.209e-06
355122 3.545e-06
355123 3.417e-06
355124 3.489e-06
355125 5.11e-07
355126 6.12e-07
355127 4.758e-06
355128 3.251e-06
355129 3.246e-06
355130 2.7233e-05
355133 5.6449e-05
355134 3.1739e-05
355135 0.00021743
355203 1.5341e-05
355204 1.8299e-05
355205 4.7097e-05
355206 0.000196438
355207 0.000556628
355208 0.000399309
355374 0.00035235
355375 0.000160099
355376 0.000488179
355379 0.001091001
355380 0.002378265
355381 0.002669021
355382 0.000717399
355383 0.001622765
355404 0.008007936
355405 0.000149218
355406 0.000189494
355407 0.000297186
355408 0.000259946
355409 5.5473e-05
355410 0.000118173
355411 0.000154826
355414 0.000116647
355415 0.000139925
355417 0.000156647
355418 0.000278631
355419 0.000528636
355429 0.000436861
355435 0.00049747
355437 0.000124153
355438 0.000179526
355439 0.000134792
355440 9.2213e-05
355441 0.000169987
355442 0.000246066
355443 0.002085112
355444 0.001360038
355445 0.001640737
355454 0.000702437
355455 0.000348173
355456 0.003171687
355558 0.01490827
355559 0.010340576
355679 0.001451382
355680 0.050110899
355768 0.002851112
355769 0.016837762
355862 0.001837369
355863 0.001383429
355865 0.016307387
355870 0.002423215
355871 0.000987643
355872 0.079538035
355892 0.011511302
355912 0.010628796
355913 0.006347388
355921 0.024906715
355933 0.002375904
355942 0.00164013
355988 0.004456967
355989 0.003201745
355990 0.003754516
355991 0.00485118
355992 0.002120577
355993 0.008490253
355994 0.002901949
355995 0.001107536
355996 0.002507895
355997 0.003548923
355998 0.003525211
355999 0.001463838
356001 0.002851995
356002 0.000921926
356003 0.022318477
356004 0.002094384
356005 0.013080432
356041 0.00041563
356042 0.001131336
356043 0.009866131
356046 0.01083496
356047 0.002235642
356048 0.000473994
356071 0.045052491
356073 0.003364836
356074 0.011315006
356075 0.018959228
356076 0.019626458
356077 0.052877018
356135 0.003865058
356155 0.000240862
356158 0.005387242
356161 0.00091437
356162 0.004164026
356163 0.003255389
356164 0.012509977
356165 0.013272248
356170 0.003926212
356174 0.001048513
356175 0.001019793
356309 0.01207188
356316 0.011619621
356321 0.010877137
356322 0.003130567
356323 0.076372226
356371 0.004028845
356375 0.022157281
356377 0.000618699
356378 0.046801636
356381 0.136466954
356383 0.004045944
356384 0.000967924
356385 0.003317663
356386 0.009363229
356426 0.005098013
356427 0.003546742
356428 0.076865499
356431 0.001189727
356432 0.00171805
356433 0.050888991
356434 0.003163884
356435 0.002095151
356436 0.001753384
356446 0.096615025
356466 0.038907146
356467 0.043313928
356468 0.001108864
356469 0.019159694
356470 0.003182271
356471 0.003939485
356472 0.010390072
356473 0.024308206
356474 0.004118339
356475 0.000884218
356476 0.005948545
356478 0.085655231
356479 0.000990794
356480 0.00176167
356481 0.021688815
356488 0.036363281
356489 0.074118029
356523 0.173131449
356524 0.004190792
356525 0.003254918
356526 0.00484406
356527 0.003199825
356528 0.003701299
356529 0.014783133
356530 0.005211964
356531 0.009168606
356563 0.056314989
356568 0.004784646
356569 0.049952457
356570 0.019646384
356576 0.028838751
356577 0.007603375
356578 0.160656671
356580 0.008996781
356581 0.016074648
356582 0.0153719
356613 0.004419421
356614 0.013064843
356615 0.238173661
356616 0.00178232
356617 0.001191767
356618 0.001315009
356619 0.024350212
356709 0.025333585
356719 0.21239307
356720 0.025470054
356721 0.009037632
356722 0.116342623
356788 0.037162312
356789 0.031498431
356810 0.031917759
356811 0.017922302
356812 0.035105971
356813 0.018957972
356814 0.162195172
356815 0.044151642
356824 0.011567492
356825 0.000650808
356902 0.009459741
356906 0.001872825
356908 0.007690954
356919 0.022570557
356937 0.030004629
356943 0.062736275
356944 0.012876982
356945 0.040309568
356946 0.041543286
356947 0.096517475
356948 0.023094887
356949 0.027235629
356950 0.00278196
356951 0.063299824
356952 0.001864124
356953 0.002270853
356954 0.071116697
356955 0.065138727
356956 0.01621007
356968 0.055442415
356969 0.072133016
356970 0.097808237
356997 0.038867279
356998 0.006945573
356999 0.02008961
357000 0.013548208
357001 0.052838099
357059 7.8171e-05
357070 0.001277371
357076 0.002598769
357077 0.031080843
357078 0.063876386
357079 0.009859627
357080 0.214084198
357081 0.180730354
357096 0.00479053
357098 0.021951486
357100 0.018114821
357101 0.051744757
357102 0.049497239
357103 0.013629543
357104 0.004267748
357105 0.018015141
357106 0.020745623
357110 0.010749313
357112 0.140989649
357268 0.027652761
357269 0.002680109
357270 0.001902932
357271 0.44924366
357328 0.022424696
357329 0.233152557
357330 0.048467435
357331 0.008692611
357332 0.112325606
357333 0.045833308
357401 0.171820619
357406 0.035337627
357438 0.077807165
357440 0.122882841
357441 0.029525821
357442 0.318642794
357447 0.003004014
357472 0.007950401
357478 0.004308
357479 0.348348465
357482 0.054893769
357538 0.008641451
357539 0.00420421
357540 0.001700432
357542 0.095076271
357550 0.012815003
357610 0.049568721
357611 0.117007624
357612 0.16293053
357613 0.04638904
357687 0.020248921
357688 0.138833779
357696 0.143424719
357697 0.028928841
357698 0.023797189
357699 0.011542864
357700 0.215142946
357701 0.091072229
357704 0.018911357
357705 0.041709556
357706 0.028657911
357720 0.02237194
357732 0.050715389
357733 0.0112452
357734 0.118197048
357735 0.328289696
357754 0.040027652
357755 0.005439654
357756 0.158499679
357757 0.005334039
357758 0.029573343
357759 0.026943796
357766 0.054262935
357767 0.018902485
357769 0.015897532
357770 0.032628097
357771 0.057680197
357776 0.183917212
357777 0.026947318
357778 0.092569198
357779 0.020831354
357780 0.002517859
357781 0.002224707
357802 0.059646664
357803 0.058106246
357804 0.010172975
357805 0.032970027
357806 0.021675352
357807 0.083066242
357808 0.007132238
357809 0.013568221
357812 0.01604662
357813 0.083535306
357814 0.056165705
357815 0.19767289
357885 0.025283632
357886 0.003193439
357887 0.004073502
357888 0.00337126
357889 0.005955208
357890 0.010654556
357891 0.016215039
357892 0.013836821
357893 0.006890379
357894 0.011650998
357895 0.020889164
357896 0.006949466
357897 0.017406983
357898 0.113003963
357899 0.195724459
357900 0.126309383
359268 4.1579e-05
359270 1.8239e-05
359278 9.439e-06
359279 1.5326e-05
359280 1.7395e-05
359281 1.7383e-05
359282 0.000373178
359283 9.26e-06
359284 5.475e-06
359285 9.266e-06
359286 9.3736e-05
359287 2.7062e-05
359288 3.6383e-05
359289 0.000334937
359291 0.000525752
359293 8.7381e-05
359294 0.000313984
359296 0.000138118
359297 0.000817509
359342 5.026e-06
359343 0.000224779
359356 2.491e-06
359568 0.000767996
359569 0.001471842
359570 0.000577112
359571 0.002924482
359575 0.001588677
359576 0.000894176
359577 0.00070356
359578 0.000682133
359579 0.000962494
359580 0.001092248
359581 0.001076597
359582 0.001236187
359584 0.00106904
359585 0.002945141
359595 0.006611646
359597 0.002307411
359599 0.000583031
359602 0.00692529
359603 0.002278609
359604 0.001966396
359605 0.002120084
359606 0.000866468
359607 0.004732061
359661 0.00985837
359681 0.000363056
359682 0.001682476
359683 0.00272089
359684 0.028607948
359685 0.027023312
359686 0.115514491
359691 0.070467002
359693 0.173777835
359694 0.222517344
359699 0.442173949
359717 0.133797326
359718 0.128923614
359750 0.076927112
359751 0.325350049
359762 0.091089899
359763 0.164557677
359764 0.274517846
359776 0.000215792
359806 0.160211774
359808 0.019000231
359809 0.017789202
359810 0.071830489
359812 0.079503177
359813 0.004619422
359814 0.104772885
359868 0.005647491
359869 0.006442386
359870 0.008364943
359871 0.104842023
359887 0.000319643
359899 0.008611355
359901 0.000590404
359903 0.001079763
359904 0.000623675
359905 0.000517866
359998 0.602559899
360017 0.016525541
360018 0.006038473
360019 0.485534213
360075 0.347782551
360088 0.107538579
360090 0.20769374
360116 0.174846413
360121 0.005174723
360122 0.002615926
360123 0.00260458
360124 0.003443289
360125 0.131246272
360126 0.127288992
360127 0.061340531
360128 0.050159216
360129 0.014997491
360130 0.025724286
360131 0.09016648
360141 0.306280822
360224 0.095454716
360225 0.152216682
360295 0.549232225
360296 0.138725559
360327 0.140163738
360390 0.033355514
360391 0.009924192
360392 0.028652997
360393 0.052726935
360400 0.025762512
360413 0.041069478
360428 0.034158265
360429 0.004463751
360430 0.015933237
360432 0.016642675
360433 0.003367054
360434 0.004595999
360435 0.032795404
360437 0.021709925
360438 0.032103061
360439 0.008737687
360440 0.005188698
360441 0.064844075
360442 0.055915724
360444 0.000438159
360458 0.081633594
360459 0.482313966
360460 0.242089468
360486 0.187173866
360490 0.39251384
360491 0.043437635
360737 0.000988229
360761 0.009416122
360794 0.287117212
360795 0.15678139
360796 0.169522364
360797 0.002910882
360819 0.004143227
360820 0.371295271
360821 0.037715709
360825 0.121943928
360826 0.036025335
360856 0.003234985
360874 0.003706482
360875 0.002544324
360876 0.025109169
360887 0.05112588
360888 0.135703351
360889 0.018973169
360890 0.21048787
360892 0.10095637
360893 0.010268878
360894 0.006000302
360895 0.182793813
360919 0.342455953
360920 0.004411303
360921 0.082766112
360927 0.692330823
360940 0.002693039
360941 0.03301315
360942 0.169535887
360945 0.046732293
360946 0.16105388
360948 0.047951977
360950 0.221602061
360951 0.046845892
360991 0.029307877
360992 0.011124401
361020 0.027654265
361032 0.000720197
361044 0.052425351
361045 0.4171357
361050 0.008714303
361052 0.024781681
361053 0.003242485
361054 0.147183152
361059 0.031674613
361083 0.007856501
361091 0.054270054
361105 0.155613083
361106 0.013538816
361107 0.060301405
361108 0.005601382
361110 0.071011819
361188 0.063063807
361193 0.015531139
361195 0.012600019
361196 0.006865359
361197 0.755111262
361198 0.009834755
361223 0.296306936
361239 0.447127926
361240 0.303488253
361271 0.003711714
361272 0.062092153
361280 0.121751245
361283 0.017290408
361284 0.015652898
361297 0.398321916
361303 0.804549276
361318 0.199795177
361319 0.089722435
361320 0.154469838
361333 0.126361035
361361 0.021963855
361362 0.009714646
361363 0.014115837
361364 0.072231262
361365 0.216232922
361366 0.079920606
361400 0.192856932
361417 0.637279683
361443 0.804101966
361468 0.73527234
361475 0.506026487
361512 0.602614482
361569 0.249982351
361573 0.127210232
361579 0.367234327
361580 0.147171634
361881 2.767e-06
361882 3.325e-06
361883 1.4229e-05
361884 7.884e-06
361885 4.933e-05
361886 4.6844e-05
361887 5.902e-05
361889 2.807e-06
361890 7.4069e-05
361893 8.9531e-05
361906 1.1537e-05
361909 3.297e-06
361910 2.8388e-05
361912 4.4273e-05
361913 0.000540031
361915 2.2015e-05
361916 1.4932e-05
361917 5.6357e-05
361919 0.000128128
361921 2.1873e-05
361922 0.000100474
361923 3.4171e-05
361925 2.7539e-05
361926 4.816e-06
361927 5.3084e-05
361929 6.0353e-05
361932 1.3888e-05
361933 5.5407e-05
361948 0.0302931
361953 0.013911717
361954 0.056978431
361955 0.042856327
361956 0.047216595
361957 0.334192442
361971 0.839060697
361989 0.047023577
361990 0.094099529
361992 0.006692941
361993 0.006643088
361994 0.050303219
362009 0.005604423
362058 0.070249839
362059 0.032871641
362060 0.041620213
362061 0.138328671
362062 0.093890832
362063 0.053731578
362064 0.32403536
362085 0.073390192
362087 0.068042654
362091 0.517118085
362104 0.048975465
362105 0.081360801
362106 0.037103121
362107 0.328145935
362148 0.307397593
362152 0.003093565
362153 0.065646881
362154 0.275929934
362159 0.008646374
362160 0.003673042
362161 0.055532987
362163 0.03035077
362166 0.147728332
362167 0.26693716
362433 0.007831713
362434 0.004658375
362435 0.012991037
362437 0.044543303
362438 0.036729111
362439 0.644310097
362596 0.015597227
362597 0.059461349
362613 0.00689486
362614 0.073058115
362615 0.076891548
362616 0.175276319
362617 0.1161502
362618 0.110029356
362643 0.000153609
362653 0.111717393
362654 0.023249933
362655 0.164631677
362656 0.008129856
362657 0.083223981
362695 0.137053439
362696 0.609246999
362697 0.003679914
362698 0.084177077
362720 0.373391128
362721 0.004262853
362722 0.00378642
362723 0.005418711
362724 0.00289667
362725 0.004532434
362726 0.005752561
362727 0.006890271
362728 0.150919877
362757 0.025905215
362758 0.094390968
362759 0.006637823
362760 0.294490121