355680	 0.6026766655928976	 0.522388281144357
356076	 0.2195565144115874	 0.31093163324848333
356381	 0.1581743996687853	 0.2863149609761087
356446	 -0.14725379367003186	 0.22838457071377752
356531	 -0.20897786229057153	 0.27236631027405755
356578	 -0.1258099154231523	 0.19322520323259282
356615	 -0.13444104374901675	 0.25292005845075666
356814	 -0.054370728987279356	 0.29033370752293747
356946	 0.1936467712767745	 0.3500067392319493
356954	 -0.14411688002994666	 0.35701550669820104
356970	 0.12654486021982164	 0.27458546999244493
357080	 0.19349857642594043	 0.2116612651392338
357081	 -0.14617000244850958	 0.3006531381857072
357112	 -0.4246807024384799	 0.1738594574962179
357271	 -0.42343299999999995	 0.152954
357271	 -0.370282002079463	 0.20681988858879122
357329	 -0.27767237686938423	 0.30001933377321716
357333	 -0.17838521553334485	 0.2595275488672356
357438	 -0.11943470045552147	 0.23124891661193125
357442	 -0.09620459999999999	 0.180319
357442	 -0.6051231560131807	 0.1785653375022972
357479	 -0.6842698355547775	 0.244545798659084
357734	 -1.591647891948522	 0.2278412046386685
357735	 -1.4600987970675454	 0.2839418572352234
357756	 -1.0147079836380062	 0.49930432882726994
357778	 -0.4366965356329656	 0.5447014365145496
357807	 -0.10019041025667483	 0.39806076047081806
357815	 -0.4843499713814626	 0.3427987258485238
357899	 -1.0417771282992376	 0.3519868488635448
357900	 0.0521096	 0.415707
358156	 -0.23332362553936117	 0.26649834500693914
359693	 -0.4548170995126899	 0.18933274869191843
359694	 -0.14036963494707988	 0.13829259194176782
359699	 -0.0732507	 0.127225
359699	 -0.01788340667441487	 0.20182618016158876
359750	 -0.06251907641024737	 0.1638855224449298
359751	 -0.21296903468578504	 0.18692029997178589
359764	 -0.2331332240567583	 0.18495160834375382
359806	 -0.27745409335530324	 0.3210988070993009
359812	 0.13000866526088095	 0.30935394896251384
359871	 -0.020339	 0.334909
359946	 -0.405741	 0.121566
359998	 -0.4055245589049085	 0.12294747295246385
360017	 -0.6859225967505499	 0.16309927467287919
360019	 -0.695546	 0.134559
360019	 -0.5079034842229806	 0.16310613641439922
360075	 -0.14611603485428212	 0.19442208721868667
360090	 -0.11057102474712621	 0.22824545647413244
360116	 -0.39069589383415687	 0.31375315845866153
360126	 -0.2339613036573732	 0.321534285540421
360131	 -0.6943824306081994	 0.20368620580564734
360141	 -0.772271	 0.195978
360178	 -0.4025849135011871	 0.17734847914854848
360295	 -0.441323	 0.139366
360295	 -0.43185037569580254	 0.14958864302177335
360296	 -0.34130708769036455	 0.2594164615823998
360327	 -0.5015458294489006	 0.40633859943056033
360413	 0.13325063203369944	 0.19646533345770556
360459	 0.145579	 0.15401300000000004
360459	 0.04335333755274502	 0.16670208453367194
360460	 -0.20035226513285184	 0.23706575965022794
360486	 -0.29591967315169465	 0.18814014988570463
360490	 -0.2842986326283203	 0.1715560943363589
360491	 -0.5716450532906656	 0.21315928474820733
360794	 -0.28262743638610077	 0.21248559024990965
360820	 -0.10988	 0.185098
360820	 -0.09222902071296118	 0.2528507955325288
360876	 -0.4002740370878528	 0.31066356068646656
360890	 -0.42581232551484977	 0.27078141642153414
360892	 -0.7164287362908328	 0.2175228891775904
360919	 -0.644296	 0.195577
360919	 -0.7911146475892992	 0.15278610290663217
360927	 -0.800713	 0.136552
360927	 -0.7961421440495074	 0.1398451285375841
360941	 0.10243520635978601	 0.357437308760358
360942	 -0.6538748513741621	 0.32970695568484104
360948	 -0.5604474548212908	 0.23668458824445465
361045	 -0.5601740000000001	 0.180809
361045	 -0.4883824079238294	 0.2303042054153076
361054	 -0.7207618073932157	 0.32118780100684735
361107	 -1.0225427602593895	 0.15958867608879834
361197	 -1.00692	 0.134037
361197	 -0.9832497803829542	 0.14687813483285656
361223	 -0.779856	 0.229281
361223	 -1.3899889593886958	 0.20275069721599925
361239	 -1.79286	 0.183138
361239	 -1.439777430952738	 0.1872228798870888
361240	 -0.9538114523001398	 0.20300056803536506
361272	 -0.48324248061826347	 0.2387249506972146
361297	 -0.5722700000000001	 0.194721
361297	 -1.1004423505972962	 0.14388050806586689
361303	 -1.14333	 0.138938
361303	 -1.056685582352407	 0.1519497815170335
361318	 0.327586	 0.289066
361318	 0.3495460023944536	 0.3483175689746694
361320	 -0.7016826544422214	 0.32935595446299804
361365	 -1.2281856877934407	 0.307538377061113
361366	 -0.5725607147318248	 0.17701264193184774
361417	 -0.589266	 0.15047799999999997
361417	 -1.027342536892769	 0.14349699346701905
361443	 -1.33795	 0.138334
361443	 -1.1425178247100822	 0.14180212161544387
361468	 -0.749417	 0.148533
361468	 -0.6487687782913194	 0.15505182310606994
361475	 -0.0973522	 0.186771
361475	 -0.39038648540218734	 0.1794308557306273
361512	 -1.03679	 0.162068
361512	 -1.03679	 0.162068
361514	 -0.40116209144056586	 0.2597780352867252
361573	 -0.774209093453628	 0.23941245850423257
361579	 -0.9591278676562094	 0.21809256114656578
361580	 -0.1365221325769509	 0.2216190625379064
361957	 -0.11169403981595982	 0.13644330576255792
361971	 -0.161314	 0.121482
361971	 -0.16143454095341464	 0.12385215063232335
361989	 -0.21778400000000003	 0.5358770000000002
361989	 -0.09735204050806406	 0.4808695490370595
361994	 1.4588304515083572	 0.39450619271036574
362061	 0.1531379214513207	 0.2556231726080677
362064	 -0.129723	 0.195753
362064	 -0.2036386779295415	 0.17514794509379458
362091	 -0.21803700000000004	 0.157428
362091	 -0.04020236870614264	 0.24020613752109088
362106	 -0.5802129231266926	 0.2152905849800731
362107	 0.3233193787348233	 0.21971785755997153
362148	 0.449407549551697	 0.24004382452529002
362154	 0.26952839238631476	 0.23023144826424885
362161	 -0.26001515634304684	 0.2990175309723252
362167	 0.0159726	 0.238135
362520	 0.20050667811746808	 0.40282134377760764
362616	 0.925435515518173	 0.34133945055176473
362617	 -0.30812368115785765	 0.33645677687574316
362655	 -0.612826527244279	 0.3364896160557626
362695	 -0.09679420347594507	 0.1600288606907845
362696	 -0.113416	 0.142311
362696	 -0.12006665069668354	 0.1528059948524545
362698	 -0.12486611983765271	 0.2026436008990941
362720	 -0.03200460277201736	 0.22857911841792514
362728	 0.24187099205684387	 0.2800030686351959
