355680	 23.343159377025362	 0.6268899320493505
356076	 23.456366400657515	 0.36994364164130117
356381	 23.338661749606416	 0.34054093705505656
356446	 24.268757842107792	 0.27126996019144306
356531	 24.205331884480852	 0.3085092641215685
356578	 24.732411370727768	 0.20979490361830555
356615	 24.750033462384025	 0.28292405238437857
356814	 24.529342759789152	 0.33790124437123253
356946	 24.73921011248446	 0.40894968279834193
356954	 25.060981218993255	 0.42446391881950957
356970	 25.687151564106394	 0.33228874182465556
357080	 25.488699809227807	 0.2540417620323001
357081	 25.85686796657816	 0.35521028926687775
357112	 26.879228329579004	 0.19513249611428327
357271	 26.9534	 0.170447
357271	 26.84055350985007	 0.24387205505348664
357329	 26.764710584863632	 0.35869556138455144
357333	 26.426140230853807	 0.3128055034555745
357438	 28.36785290271596	 0.27439835396218987
357442	 28.925299999999996	 0.213989
357442	 28.434402581569962	 0.21212483304991486
357479	 29.321202682965453	 0.2891267830383422
357734	 36.723212283752844	 0.2603575945905296
357735	 36.9021042613042	 0.3258520255408291
357756	 38.170678736636816	 0.5760009022287257
357778	 40.89137466515224	 0.6168872073258035
357807	 43.646592569604096	 0.4435006585873384
357815	 43.421633341943	 0.3812911030265022
357899	 44.05673770970968	 0.3985134422635697
357900	 46.036	 0.481635
358156	 24.866826134466127	 0.309632115474665
359693	 24.43107196710475	 0.2236518665957458
359694	 24.559465159529694	 0.16272873354918668
359699	 24.6708	 0.149258
359699	 25.13835485795326	 0.2370475874055286
359750	 25.390043036142625	 0.19795107249561852
359751	 25.294825834678782	 0.22167820333947894
359764	 25.28050166795348	 0.2158243485852604
359806	 26.707313688772555	 0.3814815775927383
359812	 26.028139181251113	 0.37074220648926026
359871	 26.4956	 0.402995
359946	 26.1656	 0.148671
359998	 26.164307862447536	 0.15035826171267688
360017	 25.872005732350893	 0.1967266383656072
360019	 25.899900000000002	 0.16233
360019	 26.288219253632256	 0.19647690953796054
360075	 26.528986120690078	 0.23267592556494696
360090	 26.262856138172772	 0.27353535320984085
360116	 26.75762447143993	 0.3795785457116454
360126	 26.348915420266845	 0.38143350385530245
360131	 27.532635995171063	 0.24139431383249862
360141	 27.6554	 0.232424
360178	 26.82090500040572	 0.20726590982811002
360295	 26.7237	 0.164168
360295	 26.670733901963047	 0.17642504534587414
360296	 26.076905473705082	 0.3103834560179929
360327	 26.73033135372786	 0.48545832466102873
360413	 26.47130867245327	 0.2320745199318316
360459	 26.439299999999996	 0.181821
360459	 26.202008062675183	 0.19679890478525197
360460	 26.136342293870705	 0.2814867760472699
360486	 26.495465649736843	 0.21152158221413933
360490	 26.420975031788437	 0.19142313201212807
360491	 26.997657883672453	 0.2603261183300188
360794	 27.15546691288448	 0.2536034683397804
360820	 27.2739	 0.22365899999999997
360820	 27.10181000824238	 0.3038656005690592
360876	 27.650176810967167	 0.36939859943827447
360890	 27.241884610204146	 0.32039769089682096
360892	 27.415580245938514	 0.26203321100729265
360919	 27.725	 0.237611
360919	 28.171764728898907	 0.18329356419468848
360927	 28.200400000000002	 0.163855
360927	 28.195997728925494	 0.16779619908420082
360941	 28.24880476915571	 0.4380907980146764
360942	 28.392131436385732	 0.389161652404409
360948	 28.287844347197655	 0.2814125857383562
361045	 28.270399999999995	 0.215431
361045	 28.047485225441203	 0.273474678396076
361054	 28.141720422797206	 0.38917766075362376
361107	 28.451201142145095	 0.1927167494135586
361197	 28.448899999999995	 0.161847
361197	 28.62627418897795	 0.17743292785222745
361223	 30.163800000000002	 0.278065
361223	 30.172881219726428	 0.24237287772771293
361239	 30.178600000000003	 0.216903
361239	 29.96960180742247	 0.22437077810253472
361240	 29.681081011953246	 0.24688375304603227
361272	 30.03020273113848	 0.28838574613010154
361297	 29.9757	 0.23475400000000002
361297	 31.000343533744168	 0.1691038681327019
361303	 31.079100000000004	 0.162967
361303	 31.06114769385928	 0.17816119984839304
361318	 30.778	 0.33688500000000005
361318	 31.29678454120227	 0.41138000374841044
361320	 30.45037387404001	 0.38731413193252157
361365	 30.49660133852832	 0.3573748329455223
361366	 30.027114038602083	 0.21037171490211076
361417	 29.9608	 0.178696
361417	 31.011094367258806	 0.17042062935041008
361443	 31.756	 0.164299
361443	 31.987535427125206	 0.16761730914759465
361468	 32.4402	 0.173922
361468	 32.5674660623695	 0.18219324409269738
361475	 33.2978	 0.223825
361475	 32.63837764809518	 0.2150092433965827
361512	 31.1846	 0.194165
361512	 31.1846	 0.194165
361514	 29.415617655710744	 0.3126420322602903
361573	 29.391479208626762	 0.2824676473223722
361579	 29.381171513736454	 0.2566413385039469
361580	 28.777068031763346	 0.26332868449536284
361957	 28.655050518674063	 0.16063505258276928
361971	 28.642	 0.142611
361971	 28.64269853972423	 0.1454049736638946
361989	 28.9956	 0.653973
361989	 29.18831216781141	 0.590237771720647
361994	 29.218716515797702	 0.4897706416058339
362061	 29.377143177438004	 0.3054906815279976
362064	 29.434900000000003	 0.23293600000000003
362064	 29.327595457385698	 0.2102908064243578
362091	 29.3244	 0.189259
362091	 29.366515139500834	 0.288654142283143
362106	 30.06434595974902	 0.255560744564214
362107	 30.268034844262807	 0.26263192422652015
362148	 30.452501192080863	 0.28476300088144213
362154	 30.56221839700377	 0.27003563448290563
362161	 30.171578666994808	 0.3565041827788435
362167	 30.365299999999998	 0.283918
362520	 29.242258968312406	 0.4902476452972284
362616	 29.36299688724501	 0.4157219796141174
362617	 28.386368446189337	 0.4083821871566932
362655	 29.069813048159617	 0.41180881046129975
362695	 28.490577297210162	 0.19373479935762336
362696	 28.444000000000003	 0.172448
362696	 28.40152721209826	 0.185038136879135
362698	 29.069838013579606	 0.24095311434524025
362720	 29.128038639034514	 0.2694250064273445
362728	 29.17267279345481	 0.33246159377641427
