355680	 26.092200252438992	 0.686318925231227
356076	 26.772228667401333	 0.41160086743791086
356381	 26.3742757013938	 0.37117618005673064
356446	 26.99033750462913	 0.30893300796336887
356531	 27.2350428850593	 0.37205024490700844
356578	 27.64390397655973	 0.2574808101291034
356615	 27.661135022087592	 0.3412044109818133
356814	 27.58927242508006	 0.3987361219927588
356946	 27.771658377063382	 0.48361734870259476
356954	 27.911544309828532	 0.4755159749433067
356970	 28.560704285810456	 0.36531896547671683
357080	 28.366469397418708	 0.28215441859501955
357081	 28.394427168321677	 0.39507573209272023
357112	 29.19335119623853	 0.22359829137889126
357271	 29.2758	 0.195955
357271	 29.33598546071783	 0.26947898406857423
357329	 29.344934092830634	 0.39087359360897095
357333	 29.46559973727027	 0.34704784868766453
357438	 30.230476779858094	 0.2920555696134996
357442	 30.418	 0.224138
357442	 30.82510125033906	 0.22743208982504462
357479	 31.454306878671545	 0.31101655418182234
357734	 37.23590102598051	 0.2717756463977231
357735	 37.40996549617611	 0.3368817024838745
357756	 38.73638364075001	 0.5851794645122497
357778	 41.7391455659831	 0.6293687260730204
357807	 44.57683030482795	 0.4546801596771067
357815	 44.3129931826362	 0.38919100160695347
357899	 45.09261935987929	 0.396197233009537
357900	 47.4356	 0.477211
358156	 27.488656770658896	 0.3555382693317139
359693	 27.00175927059656	 0.2497568511747447
359694	 27.20267653684773	 0.18041393721215143
359699	 27.284	 0.165108
359699	 27.633549594858593	 0.2633876223750474
359750	 27.912450545125008	 0.22008338412784645
359751	 27.821959088474465	 0.24818092096274133
359764	 27.895168129229546	 0.24233315358726826
359806	 29.48634266553156	 0.4210526124317286
359812	 28.877330302565525	 0.4119866250146438
359871	 29.261	 0.44785
359946	 29.0512	 0.157935
359998	 29.04927277826311	 0.15972610715087476
360017	 28.403591854523384	 0.21526049178370205
360019	 28.4442	 0.177742
360019	 28.862943234501373	 0.21504078755394454
360075	 29.156210677241898	 0.2563431035792919
360090	 28.951552422854487	 0.3020358324865332
360116	 29.739496504472086	 0.41853007847633394
360126	 28.83503848211849	 0.42192332737405774
360131	 30.026212463897018	 0.26171146705169496
360141	 30.1402	 0.25173
360178	 29.528792458734713	 0.23729481328286142
360295	 29.3737	 0.187275
360295	 29.33370145818295	 0.20099232939017642
360296	 28.91241186666685	 0.3463543996216115
360327	 29.36409004272282	 0.5378634898111334
360413	 29.08776544175652	 0.2571275104008115
360459	 29.0516	 0.201539
360459	 28.757481807187453	 0.21788668123950825
360460	 28.526407322943253	 0.3084881662583042
360486	 29.084496637372563	 0.23306193303279463
360490	 29.045820380505052	 0.2115974918855685
360491	 29.56237524194179	 0.29101863077062595
360794	 29.80709186851383	 0.282628022851294
360820	 29.920700000000004	 0.24794300000000002
360820	 29.705825384304795	 0.3380752022157779
360876	 29.974041566526253	 0.40510583672623285
360890	 29.508943539453426	 0.34896738474885014
360892	 29.773179323320942	 0.28627512533141436
360919	 29.846599999999995	 0.258653
360919	 30.31329042528607	 0.19832947300507386
360927	 30.339999999999996	 0.177241
360927	 30.33736684703732	 0.18152043606474716
360941	 30.72341494914725	 0.48136865404306833
360942	 30.107638343950658	 0.42440671439576155
360948	 30.44930045844587	 0.30641611768938104
361045	 30.491099999999996	 0.234917
361045	 30.347965632008815	 0.2978226915703484
361054	 30.564441199334297	 0.42488683418556517
361107	 30.258608049986982	 0.2062473872944842
361197	 30.2568	 0.173245
361197	 30.471406066590315	 0.18967410195519724
361223	 32.2846	 0.293858
361223	 31.895252135491184	 0.2572093849335803
361239	 31.646700000000003	 0.23079
361239	 31.61397327830211	 0.23948935850199168
361240	 31.56543605588268	 0.26488180862958044
361272	 31.810017707136744	 0.30612596409438614
361297	 31.8086	 0.24940999999999997
361297	 32.5875157192694	 0.17743483753516
361303	 32.6458	 0.170834
361303	 32.65627581499364	 0.1873247592641493
361318	 32.84	 0.372391
361318	 32.6512299854672	 0.4305211138630241
361320	 31.89413657098921	 0.408909031250364
361365	 32.0541590398615	 0.38557012637339777
361366	 31.397807265375352	 0.2191358191424736
361417	 31.338799999999996	 0.186436
361417	 32.275665458193615	 0.17819788566959613
361443	 32.9452	 0.172069
361443	 33.192979141308385	 0.17519781865583467
361468	 33.67179999999999	 0.181091
361468	 33.774337989982605	 0.18939179149826368
361475	 34.35	 0.230509
361475	 33.56508099421972	 0.22040976855451547
361512	 31.8846	 0.197055
361512	 31.8846	 0.197055
361514	 31.521195770341322	 0.33112067928692124
361573	 31.11805585895639	 0.301635722927205
361579	 31.113342451181815	 0.2734872748486091
361580	 30.62750813171177	 0.283170903035169
361957	 30.655617259032788	 0.17209010122052762
361971	 30.6676	 0.152711
361971	 30.668950553007026	 0.15570108195534577
361989	 31.343500000000002	 0.696301
361989	 31.172866602391196	 0.6192691683616734
361994	 31.05685000950168	 0.5195621409478182
362061	 30.97186689727114	 0.317982983904856
362064	 30.9814	 0.240963
362064	 30.968030524008903	 0.21995800725184192
362091	 30.9766	 0.197992
362091	 30.993751742364783	 0.3011410375162442
362106	 31.93478741025767	 0.27470295424996427
362107	 32.19132506705099	 0.27884773199706164
362148	 32.303416483174686	 0.30061445337968945
362154	 32.34630323641499	 0.28466291336313726
362161	 31.74600525724159	 0.37812583914260295
362167	 32.0873	 0.299802
362520	 31.669392104951008	 0.5361738698441325
362616	 31.819685274700937	 0.4490067388723257
362617	 30.63055764438625	 0.4389993005377355
362655	 31.430987651186374	 0.4397746201683885
362695	 30.73635087376172	 0.20962140687946798
362696	 30.6875	 0.186253
362696	 30.649846351206914	 0.19979173103397127
362698	 31.112039279066767	 0.2599934070932002
362720	 31.335416536702905	 0.2926095342600423
362728	 31.424282063113544	 0.35545973688519644
